 
1111111001111111000011100001111111 
1000001001000001000101010001000000 
1000000001000001001001001001000000 
1011111001111111001001001001111111 
1000001001000001001001001001000000 
1000001001000001001001001001000000 
1111111001000001001001001001111111 
 
 
111111100100000100111111110011111111 
100000100100000100100000000010000010 
100000100010001000100000000010001000 
100000100010001000111111110010100000 
100000100001010000100000000010001000 
100000100001010000100000000010000100 
111111100000100000111111110010000001